{"model_10.pt": 0.1518219967194356,
    "model_11.pt": 0.14823416337943338, 
    "model_13.pt": 0.15396736465920305, 
    "model_8.pt": 0.14213867116327908, 
    "model_9.pt": 0.14819738449439607, 
    "model_12.pt": 0.14751233962484447, 
    "model_16.pt": 0.15405064218305262, 
    "model_17.pt": 0.1478858355654331, 
    "model_final.pt": 0.15366716577393022, 
    "model_15.pt": 0.15706341575241653, 
    "model_14.pt": 0.15997093416937413, 
    "model_18.pt": 0.15215384296657425, 
    "model_19.pt": 0.15366716577393022}
