{"model_7.pt": 0.12190419009295711, 
    "model_6.pt": 0.11411792909212357, 
    "model_4.pt": 0.09115350697915228, 
    "model_5.pt": 0.10219386808403914, 
    "model_18.pt": 0.15537712350042462, 
    "model_1.pt": 0.05088144074811578, 
    "model_0.pt": 0.027495425726205176, 
    "model_2.pt": 0.05927219225800205, 
    "model_3.pt": 0.0736218380269036, 
    "model_13.pt": 0.14373540537141175, 
    "model_12.pt": 0.14993269787711508, 
    "model_9.pt": 0.1363821995392663, 
    "model_10.pt": 0.138854912877723, 
    "model_8.pt": 0.12668909881145746, 
    "model_11.pt": 0.14369493725827168, 
    "model_15.pt": 0.14599654718637706, 
    "model_14.pt": 0.15140124645255942, 
    "model_16.pt": 0.15321135570716785, 
    "model_17.pt": 0.15165660189966715}
